13
a aa 8000 1 1 1 3 3
a ab 3000 1 2 2 8 8
a ac 7000 0 4 3 6 6
a ad 11000 0 2 2 5 5
a ae 10000 1 3 3 4 4
a af 9000 1 3 3 5 5
a ag 11000 1 4 1 9 9
a ah 11000 0 2 3 4 4
a ai 10000 0 2 2 4 4
a aj 6500 1 2 3 10 10
a ak 3000 1 2 2 6 6
a al 12000 1 3 3 10 10
a am 7500 0 2 3 4 4
a an 6000 1 4 3 2 2
a ao 7500 0 1 3 8 8
a ap 3000 0 3 2 4 4
a aq 5500 0 2 1 8 8
a ar 7000 1 1 2 10 10
a as 8500 0 4 2 7 7
a at 3500 1 3 2 10 9
150070059 arpit 6 89 9677161705 0
a au 9000 1 3 2 6 6
a av 5500 0 4 3 9 9
a aw 6500 0 4 2 4 4
a ax 2500 0 1 3 2 2
a ay 9500 1 4 2 3 3
a az 5000 0 4 3 10 10
b ba 8500 0 4 1 5 5
b bb 3500 1 1 3 8 8
b bc 5000 1 1 2 2 2
b bd 5000 1 3 2 10 10
b be 6500 0 3 3 6 6
b bf 3000 0 2 1 6 6
b bg 5500 1 4 1 8 8
b bh 12000 1 4 2 6 6
b bi 6500 0 2 3 10 10
b bj 4000 1 2 2 9 9
b bk 9000 1 1 2 6 6
b bl 3000 0 4 1 10 10
b bm 8500 0 3 1 6 6
b bn 6500 0 4 3 4 4
b bo 9500 1 1 1 7 7
b bp 6000 0 2 3 3 3
b bq 2500 0 3 3 3 3
b br 5500 0 3 2 3 3
b bs 9000 0 4 2 5 5
b bt 11000 1 2 2 9 9
b bu 3000 1 3 3 8 8
b bv 8500 0 3 1 3 3
b bw 2500 0 4 3 5 5
b bx 9500 1 4 2 2 2
b by 7500 1 3 3 5 5
b bz 3500 0 2 1 5 5
c ca 8000 0 4 2 6 6
c cb 5000 0 1 2 7 7
c cc 8000 0 1 3 10 10
c cd 7500 0 3 2 6 6
c ce 6500 1 2 1 3 3
c cf 9500 0 4 1 2 2
c cg 5500 0 3 2 6 6
c ch 10000 0 1 2 7 7
c ci 6500 0 4 2 8 8
c cj 2000 0 2 2 9 9
c ck 6000 1 4 3 6 6
c cl 5500 1 4 2 2 2
c cm 12000 1 4 2 4 4
c cn 9000 0 4 2 2 2
c co 11000 1 1 2 6 6
c cp 6000 1 3 3 5 5
c cq 7500 1 4 1 6 6
c cr 6000 0 4 2 9 9
c cs 7500 0 4 2 10 10
c ct 8000 0 1 2 8 8
c cu 3000 1 2 2 7 7
c cv 9000 0 3 2 3 3
c cw 6500 0 3 1 4 4
c cx 5000 1 4 2 8 8
c cy 7500 0 2 3 4 4
c cz 9500 1 2 3 7 7
d da 11000 1 1 2 4 4
d db 2000 0 2 1 9 9
d dc 7500 0 4 1 3 3
d dd 11500 0 2 2 4 4
d de 10500 0 2 3 5 5
d df 2500 0 4 2 5 5
d dg 10000 1 2 3 10 10
d dh 7000 0 3 3 4 4
d di 11500 1 1 3 5 5
d dj 6000 1 2 2 4 4
d dk 11000 0 4 2 8 8
d dl 10500 1 4 1 9 9
d dm 10500 0 1 1 10 10
d dn 9000 1 2 2 6 6
d do 7500 0 1 1 10 10
d dp 4000 0 3 3 8 8
d dq 9500 0 1 1 9 9
d dr 6000 1 1 1 9 9
d ds 7500 1 1 2 9 9
d dt 7000 1 3 2 2 2
d du 11500 1 2 1 10 10
d dv 11000 0 2 2 3 3
d dw 10000 1 2 2 6 6
d dx 4500 0 4 2 7 7
d dy 3500 0 3 3 3 3
d dz 12000 0 1 2 3 3
e ea 3500 1 1 2 8 8
e eb 12000 0 3 2 2 2
e ec 2500 0 2 1 10 10
e ed 10500 1 1 2 4 4
e ee 4500 1 1 2 3 3
e ef 12000 1 3 3 4 4
e eg 10000 0 3 1 8 8
e eh 8000 1 1 1 6 6
e ei 5500 0 2 2 5 5
e ej 6000 0 2 1 3 3
e ek 9000 1 2 3 6 6
e el 6000 1 1 1 8 8
e em 5500 1 4 1 7 7
e en 10000 0 4 3 6 6
e eo 10000 1 4 3 10 10
e ep 8000 1 2 1 3 3
e eq 8500 1 2 1 3 3
e er 10000 0 3 2 8 8
e es 7500 0 1 3 8 8
e et 2000 1 4 2 6 6
e eu 7500 0 3 3 2 2
e ev 4500 1 1 2 4 4
e ew 9000 1 4 2 5 5
e ex 12000 1 1 2 4 4
e ey 7000 1 3 3 6 6
e ez 4000 0 2 2 6 6
f fa 4000 1 1 2 4 4
f fb 9000 0 2 3 8 8
f fc 7000 1 2 2 8 8
f fd 3000 0 2 3 5 5
f fe 10500 1 3 1 8 8
f ff 9500 0 2 1 6 6
f fg 9500 1 2 2 6 6
f fh 6000 0 3 2 3 3
f fi 7000 1 3 1 9 9
f fj 9500 0 1 3 8 8
f fk 9000 1 4 2 8 8
f fl 8500 1 1 3 9 9
f fm 2500 0 3 3 6 6
f fn 7500 1 3 1 7 7
f fo 7500 0 2 2 8 8
f fp 9500 0 2 1 10 10
f fq 8000 1 2 1 8 8
f fr 12000 1 2 2 10 10
f fs 4000 1 2 3 2 2
f ft 11000 0 3 3 10 10
f fu 11500 0 3 1 10 10
f fv 5500 0 3 2 8 8
f fw 9500 1 1 2 8 8
f fx 2000 0 3 2 7 7
f fy 11000 0 2 1 4 4
f fz 5000 0 2 3 9 9
g ga 10000 1 4 3 9 9
g gb 9000 0 2 3 7 7
g gc 2000 0 3 1 6 6
g gd 6000 1 3 2 7 7
g ge 5000 0 2 3 8 8
g gf 4000 0 3 3 2 2
g gg 5000 1 2 1 7 7
g gh 9000 0 4 1 9 9
g gi 6000 0 4 2 5 5
g gj 8500 1 2 3 4 4
g gk 9000 1 1 3 2 2
g gl 3000 1 2 3 3 3
g gm 6500 0 4 3 4 4
g gn 7000 0 4 3 2 2
g go 8000 1 3 3 4 4
g gp 2500 0 4 2 8 8
g gq 6000 0 2 3 10 10
g gr 2500 1 3 1 8 8
g gs 11000 0 2 1 8 8
g gt 8500 0 2 2 2 2
g gu 2000 1 1 2 10 10
g gv 11000 1 1 1 9 9
g gw 3000 1 3 2 3 3
g gx 9000 1 4 1 4 4
g gy 11500 1 3 2 10 10
g gz 3000 1 4 2 6 6
h ha 4500 0 3 1 3 3
h hb 11000 0 3 2 6 6
h hc 11500 1 1 1 8 8
h hd 2000 1 3 1 10 10
h he 6500 0 2 2 5 5
h hf 7500 1 2 3 7 7
h hg 7500 1 2 2 7 7
h hh 5500 0 1 1 2 2
h hi 11500 0 4 1 5 5
h hj 3000 0 1 1 6 6
h hk 6000 0 1 3 7 7
h hl 8500 0 2 1 9 9
h hm 10500 1 4 3 4 4
h hn 9000 0 1 3 10 10
h ho 3500 1 1 1 2 2
h hp 10500 1 4 1 5 5
h hq 11000 1 3 1 8 8
h hr 10000 1 3 3 6 6
h hs 5500 1 1 2 3 3
h ht 4000 1 1 3 6 6
h hu 7000 0 3 1 9 9
h hv 6000 0 1 3 8 8
h hw 8500 1 2 1 4 4
h hx 6500 1 2 1 10 10
h hy 2000 0 4 1 10 10
h hz 6500 1 2 1 7 7
i ia 7000 1 3 1 6 6
i ib 3500 1 3 3 6 6
i ic 9000 0 2 2 9 9
i id 4000 1 4 3 8 8
i ie 9500 0 4 3 6 6
i if 9000 1 1 2 10 10
i ig 10500 1 4 3 7 7
i ih 9500 1 2 3 7 7
i ii 4500 1 1 3 8 8
i ij 5000 1 3 2 6 6
i ik 2000 0 3 2 4 4
i il 3500 1 2 1 7 7
i im 9000 0 1 2 6 6
i in 12000 0 1 2 10 10
i io 7000 1 3 2 6 6
i ip 7500 0 2 2 6 6
i iq 6500 1 4 3 8 8
i ir 4000 0 2 1 6 6
i is 11000 0 3 2 10 10
i it 3500 1 2 2 10 10
i iu 4000 1 4 3 6 6
i iv 8500 1 2 3 9 9
i iw 10000 0 2 2 8 8
i ix 10000 0 4 2 6 6
i iy 8500 1 2 3 9 9
i iz 4000 1 1 2 5 5
j ja 3000 0 4 2 9 9
j jb 10000 1 3 1 3 3
j jc 7500 1 3 1 7 7
j jd 7500 0 1 2 2 2
j je 4000 0 2 1 2 2
j jf 6500 0 2 2 5 5
j jg 3000 1 2 2 10 10
j jh 9000 1 1 3 5 5
j ji 11000 1 1 3 5 5
j jj 9500 1 2 1 9 9
j jk 7000 1 4 3 3 3
j jl 8500 1 2 1 2 2
j jm 6500 0 2 1 3 3
j jn 12000 1 3 2 10 10
j jo 7000 1 4 1 4 4
j jp 6000 0 3 2 3 3
j jq 3500 1 2 1 7 7
j jr 6500 1 2 2 4 4
j js 8500 0 1 2 10 10
j jt 9500 0 3 3 4 4
j ju 6500 0 2 2 10 10
j jv 4500 1 3 1 6 6
j jw 3000 0 4 2 4 4
j jx 10000 0 4 3 2 2
j jy 6000 0 2 1 10 10
j jz 10500 1 2 2 2 2
k ka 4000 1 4 1 9 9
k kb 3000 0 1 2 7 7
k kc 8000 0 2 1 3 3
k kd 9000 0 4 2 7 7
k ke 2000 0 2 3 2 2
k kf 4500 1 4 1 2 2
k kg 12000 1 3 3 7 7
k kh 11000 0 2 2 9 9
k ki 6000 1 1 3 8 8
k kj 9000 0 2 2 8 8
k kk 8000 0 2 1 9 9
k kl 10000 0 3 1 4 4
k km 6500 0 3 3 7 7
k kn 6500 1 4 1 2 2
k ko 8000 0 1 3 3 3
k kp 12000 1 2 3 2 2
k kq 4500 0 3 3 10 10
k kr 6000 0 1 3 7 7
k ks 4000 0 3 2 9 9
k kt 4000 0 3 1 5 5
k ku 11000 0 2 2 2 2
k kv 4500 1 4 3 8 8
k kw 9000 1 3 3 8 8
k kx 9000 1 1 1 8 8
k ky 2500 0 3 1 9 9
k kz 9500 0 1 1 3 3
l la 4500 0 4 1 5 5
l lb 11000 1 1 2 7 7
l lc 8500 0 1 2 4 4
l ld 10500 0 1 3 8 8
l le 5500 0 3 2 2 2
l lf 3000 1 1 3 8 8
l lg 10500 1 1 1 6 6
l lh 6500 0 2 1 4 4
l li 9500 0 1 1 9 9
l lj 10500 0 3 2 9 9
l lk 2500 1 3 1 9 9
l ll 7500 0 1 1 3 3
l lm 6500 1 1 3 9 9
l ln 6000 1 1 1 7 7
l lo 5500 0 1 2 8 8
l lp 5000 0 4 1 9 9
l lq 3500 0 2 2 7 7
l lr 2000 1 3 3 8 8
l ls 8000 0 4 2 8 8
l lt 10500 1 2 3 4 4
l lu 10000 1 1 2 7 7
l lv 11500 1 1 3 5 5
l lw 11500 0 4 1 3 3
l lx 12000 1 4 1 7 7
l ly 10000 0 2 1 7 7
l lz 4000 1 4 2 7 7
m ma 2500 1 3 3 4 4
m mb 5000 0 2 1 3 3
m mc 8000 0 3 3 7 7
m md 8000 1 4 2 7 7
m me 2000 0 2 1 5 5
m mf 10500 1 4 1 9 9
m mg 5000 1 1 1 6 6
m mh 6500 1 3 3 9 9
m mi 5500 1 3 3 3 3
m mj 7000 0 1 3 3 3
m mk 8000 0 3 3 2 2
m ml 9500 1 2 1 7 7
m mm 8000 1 4 2 6 6
m mn 7500 1 3 2 5 5
m mo 9000 1 1 3 3 3
m mp 8000 0 3 1 4 4
m mq 12000 1 4 2 4 4
m mr 9500 0 3 1 9 9
m ms 7000 0 2 1 7 7
m mt 2500 0 4 2 6 6
m mu 5500 0 1 3 3 3
m mv 7500 0 1 3 3 3
m mw 7000 1 1 2 6 6
m mx 7000 1 2 3 7 7
m my 7500 1 3 3 6 6
m mz 9500 1 2 3 8 8
n na 7000 1 1 3 4 4
n nb 7500 0 2 3 7 7
n nc 7500 1 2 1 6 6
n nd 10000 1 3 1 8 8
n ne 9000 1 2 1 5 5
n nf 3000 1 1 2 10 10
n ng 10000 0 3 3 3 3
n nh 9000 0 1 3 3 3
n ni 9000 1 3 1 2 2
n nj 10000 0 2 2 9 9
n nk 11000 1 3 3 9 9
n nl 8000 0 3 2 6 6
n nm 5000 1 1 1 8 8
n nn 9000 0 1 3 3 3
n no 9500 0 3 1 5 5
n np 9500 0 2 1 4 4
n nq 5000 1 2 3 3 3
n nr 12000 1 4 1 9 9
n ns 9000 1 2 1 3 3
n nt 4000 1 2 2 7 7
n nu 5500 1 1 2 5 5
n nv 9000 0 1 2 5 5
n nw 8500 1 4 3 8 8
n nx 4500 0 3 1 2 2
n ny 11500 1 4 2 3 3
n nz 3000 1 3 1 2 2
o oa 5000 0 3 2 9 9
o ob 2000 1 1 1 2 2
o oc 11500 0 1 2 2 2
o od 7000 1 1 1 8 8
o oe 6500 1 4 2 4 4
o of 6000 1 4 1 9 9
o og 5000 1 2 2 10 10
o oh 6000 1 2 1 9 9
o oi 10000 1 3 1 5 5
o oj 5000 1 2 2 10 10
o ok 8500 0 2 3 9 9
o ol 2500 1 4 3 3 3
o om 2000 1 2 3 5 5
o on 5500 0 1 2 7 7
o oo 2000 1 2 3 10 10
o op 11000 1 2 1 2 2
o oq 4000 0 1 3 9 9
o or 10500 0 3 3 9 9
o os 2500 0 1 1 4 4
o ot 6000 0 2 2 8 8
o ou 6500 0 1 2 7 7
o ov 10500 1 1 3 3 3
o ow 6000 1 2 3 6 6
o ox 5500 1 3 2 3 3
o oy 11500 0 3 2 8 8
o oz 7000 1 3 2 6 6
p pa 7000 0 1 2 9 9
p pb 7500 0 4 1 2 2
p pc 5500 1 3 2 3 3
p pd 6000 1 4 3 5 5
p pe 7000 0 1 2 7 7
p pf 6000 1 2 1 2 2
p pg 5000 0 4 3 4 4
p ph 11000 1 4 2 2 2
p pi 9000 0 2 1 7 7
p pj 9500 1 1 3 9 9
p pk 5000 0 3 2 10 10
p pl 2000 1 1 1 3 3
p pm 6000 1 3 1 4 4
p pn 10000 0 4 3 7 7
p po 11500 0 2 1 7 7
p pp 7500 1 1 1 7 7
p pq 4500 1 2 1 3 3
p pr 4000 1 2 2 9 9
p ps 11500 0 1 1 9 9
p pt 10000 0 3 1 10 10
p pu 9500 1 1 2 10 10
p pv 8000 0 2 1 6 6
p pw 8000 1 2 1 3 3
p px 3500 1 2 2 3 3
p py 3000 1 4 1 6 6
p pz 5000 0 4 3 8 8
q qa 9500 1 3 1 5 5
q qb 2000 1 1 3 7 7
q qc 5500 1 2 1 2 2
q qd 3000 0 2 2 8 8
q qe 2500 0 1 3 9 9
q qf 5500 0 1 3 9 9
q qg 4000 1 2 1 4 4
q qh 2000 1 3 1 3 3
q qi 4000 0 1 2 2 2
q qj 9500 0 3 2 4 4
q qk 5500 0 1 1 10 10
q ql 4000 0 1 2 8 8
q qm 7500 0 3 2 5 5
q qn 11500 1 2 2 10 10
q qo 4000 0 1 2 4 4
q qp 6500 1 3 3 10 10
q qq 8500 1 3 3 5 5
q qr 8500 0 4 3 10 10
q qs 12000 1 3 3 7 7
q qt 8000 0 1 2 9 9
q qu 12000 0 4 1 2 2
q qv 7500 0 3 3 9 9
q qw 3000 0 3 1 8 8
q qx 2500 0 3 2 2 2
q qy 11000 1 2 1 4 4
q qz 2500 0 1 1 7 7
r ra 4000 0 4 2 3 3
r rb 10000 0 2 1 5 5
r rc 6500 1 1 3 2 2
r rd 5500 1 3 1 7 7
r re 9500 1 4 2 10 10
r rf 6500 0 3 3 10 10
r rg 3000 1 4 1 2 2
r rh 6500 0 4 3 2 2
r ri 6500 0 2 1 2 2
r rj 3000 0 4 1 4 4
r rk 3000 1 4 2 7 7
r rl 8000 1 4 2 5 5
r rm 12000 1 2 3 7 7
r rn 7500 0 1 1 10 10
r ro 10500 0 1 3 6 6
r rp 4000 1 2 1 2 2
r rq 9500 0 1 3 7 7
r rr 6500 1 1 1 9 9
r rs 6000 0 2 2 4 4
r rt 10000 0 2 1 8 8
r ru 2000 1 1 3 8 8
r rv 11000 1 3 2 10 10
r rw 6500 0 3 1 9 9
r rx 8500 1 3 1 3 3
r ry 4000 0 1 2 4 4
r rz 5000 1 2 3 5 5
s sa 6500 1 1 2 9 9
s sb 2500 1 1 3 6 6
s sc 8500 0 2 3 4 4
s sd 6000 1 1 1 7 7
s se 10500 1 4 1 9 9
s sf 11000 0 2 1 3 3
s sg 5000 1 3 1 8 8
s sh 3000 1 1 3 7 7
s si 7000 0 2 2 2 2
s sj 6500 0 3 1 8 8
s sk 7000 0 1 1 5 5
s sl 9000 0 1 2 7 7
s sm 12000 1 2 3 4 4
s sn 10000 1 1 2 2 2
s so 4000 1 2 1 6 6
s sp 10000 1 3 1 6 6
s sq 4500 0 1 2 4 4
s sr 2000 0 1 3 9 9
s ss 9500 1 3 2 2 2
s st 12000 0 4 2 10 10
s su 2500 1 4 3 2 2
s sv 8000 1 2 3 5 5
s sw 10000 0 4 3 6 6
s sx 6000 0 2 1 9 9
s sy 11000 0 2 2 10 10
s sz 2000 0 1 1 3 3
t ta 12000 0 1 1 2 2
t tb 9500 1 1 2 8 8
t tc 11000 0 2 3 10 10
t td 3500 0 3 3 8 8
t te 4500 1 4 2 2 2
t tf 8500 1 1 1 6 6
t tg 4000 1 4 2 4 4
t th 9000 1 3 3 4 4
t ti 3500 0 4 3 7 7
t tj 3000 0 3 1 5 5
t tk 5000 1 3 3 8 8
t tl 8500 1 2 3 8 8
t tm 5000 0 2 2 7 7
t tn 5000 1 2 1 5 5
t to 4000 0 2 3 4 4
t tp 8000 1 1 3 5 5
t tq 10500 0 3 1 6 6
t tr 9500 0 1 1 4 4
t ts 11500 0 2 1 8 8
t tt 3000 1 1 3 6 6
t tu 2000 0 4 1 6 6
t tv 4000 1 3 2 2 2
t tw 2000 0 4 2 4 4
t tx 6500 0 4 2 4 4
t ty 3500 0 3 3 8 8
t tz 6000 1 4 3 3 3
u ua 7500 1 2 2 2 2
u ub 8500 0 1 1 9 9
u uc 6000 0 2 3 8 8
u ud 4000 1 2 1 3 3
u ue 6500 0 4 1 10 10
u uf 10000 0 4 1 5 5
u ug 8500 1 4 1 7 7
u uh 10000 1 2 1 7 7
u ui 5000 0 4 2 10 10
u uj 6500 1 2 3 2 2
u uk 3000 0 2 3 9 9
u ul 3000 0 4 2 10 10
u um 3500 0 3 1 6 6
u un 2500 0 2 3 5 5
u uo 5000 1 2 2 6 6
u up 9000 0 4 2 8 8
u uq 5000 1 1 1 10 10
u ur 9500 1 1 3 3 3
u us 10500 1 2 1 8 8
u ut 9500 1 3 2 4 4
u uu 3500 1 2 1 6 6
u uv 2000 0 2 2 3 3
u uw 8000 0 3 2 10 10
u ux 3000 0 1 3 10 10
u uy 12000 0 1 2 10 10
u uz 7000 0 3 2 8 8
v va 10500 1 4 2 3 3
v vb 12000 1 2 1 2 2
v vc 10000 1 3 3 7 7
v vd 10500 0 2 3 10 10
v ve 8500 1 3 1 4 4
v vf 12000 1 1 2 2 2
v vg 4000 1 3 1 2 2
v vh 3000 1 1 3 10 10
v vi 6500 1 1 3 6 6
v vj 7000 0 1 1 6 6
v vk 10500 0 1 3 6 6
v vl 9000 1 2 3 10 10
v vm 2000 0 2 1 4 4
v vn 3000 0 4 3 5 5
v vo 11500 1 1 2 9 9
v vp 9500 0 1 1 8 8
v vq 7500 1 4 3 3 3
v vr 3500 0 4 3 6 6
v vs 7000 0 2 2 9 9
v vt 11000 0 1 1 9 9
v vu 2000 1 3 2 7 7
v vv 3500 1 2 3 3 3
v vw 11500 0 2 2 6 6
v vx 4000 1 3 3 5 5
v vy 6000 1 1 2 8 8
v vz 6500 1 1 1 5 5
w wa 8500 1 4 3 9 9
w wb 8000 0 1 2 8 8
w wc 2000 1 3 3 9 9
w wd 10500 0 3 3 2 2
w we 2000 1 4 3 9 9
w wf 10000 1 4 3 9 9
w wg 4500 0 3 3 3 3
w wh 4500 0 1 2 10 10
w wi 2500 0 2 1 2 2
w wj 12000 1 2 3 10 10
w wk 10000 0 2 3 3 3
w wl 2000 0 4 1 3 3
w wm 9500 0 1 2 8 8
w wn 11000 1 4 3 5 5
w wo 10500 1 2 1 5 5
w wp 5000 0 4 3 10 10
w wq 7000 1 1 2 7 7
w wr 5500 1 2 1 5 5
w ws 9500 1 3 1 7 7
w wt 5000 0 4 2 8 8
w wu 7500 1 2 3 8 8
w wv 5000 1 3 1 6 6
w ww 3500 0 4 3 9 9
w wx 7000 1 4 1 5 5
w wy 10000 0 2 3 8 8
w wz 6500 1 2 3 8 8
x xa 8000 1 3 1 8 8
x xb 2000 0 1 2 10 10
x xc 10000 0 1 1 6 6
x xd 2500 1 2 3 3 3
x xe 8000 1 1 3 2 2
x xf 3000 0 2 2 9 9
x xg 7500 1 4 1 5 5
x xh 4000 0 2 2 6 6
x xi 10500 1 3 2 2 2
x xj 10500 0 3 1 6 6
x xk 3500 0 2 1 8 8
x xl 12000 1 1 1 5 5
x xm 9000 1 2 3 5 5
x xn 5000 0 1 3 6 6
x xo 4000 0 3 3 7 7
x xp 11500 1 2 1 6 6
x xq 11000 0 4 3 3 3
x xr 4000 0 3 2 6 6
x xs 11500 0 4 3 6 6
x xt 12000 0 2 1 5 5
x xu 2500 0 3 3 5 5
x xv 2500 1 1 2 9 9
x xw 7500 0 1 3 8 8
x xx 9500 0 3 2 6 6
x xy 5500 0 2 1 4 4
x xz 10500 1 2 2 2 2
y ya 9000 1 3 3 10 10
y yb 2500 0 4 2 6 6
y yc 4000 1 4 2 3 3
y yd 9500 1 3 3 3 3
y ye 12000 1 1 3 6 6
y yf 10000 0 4 3 6 6
y yg 11000 1 2 1 5 5
y yh 9500 1 2 2 2 2
y yi 9500 1 1 3 2 2
y yj 12000 0 1 3 8 8
y yk 5000 1 3 1 7 7
y yl 2000 0 2 2 5 5
y ym 3000 1 3 3 5 5
y yn 4500 1 4 2 8 8
y yo 3000 1 2 1 6 6
y yp 9500 0 3 2 10 10
y yq 4500 1 2 3 8 8
y yr 9000 1 4 1 9 9
y ys 11000 1 1 3 9 9
y yt 4500 0 2 2 9 9
y yu 6000 0 3 3 2 2
y yv 3500 1 2 3 2 2
y yw 10500 1 1 2 7 7
y yx 8500 0 3 1 7 7
y yy 2500 1 1 1 8 8
y yz 4500 0 4 1 9 9
z za 3500 0 4 2 8 8
z zb 5000 1 2 3 2 2
z zc 7000 0 2 2 9 9
z zd 3000 0 4 2 3 3
z ze 5000 0 4 1 4 4
z zf 3500 0 1 3 9 9
z zg 2000 0 2 3 3 3
z zh 4000 1 4 3 9 9
z zi 5000 1 3 3 7 7
z zj 10000 0 2 2 7 7
z zk 2500 0 4 2 7 7
z zl 3500 0 4 3 5 5
z zm 9000 1 3 3 3 3
z zn 5500 0 3 3 2 2
z zo 6500 1 2 3 2 2
z zp 5500 0 1 2 4 4
z zq 11000 0 1 2 7 7
z zr 3500 1 1 1 2 2
z zs 7500 0 2 3 4 4
z zt 4500 0 2 1 6 6
z zu 2000 0 3 2 4 4
z zv 3000 0 1 2 3 3
z zw 9000 0 4 2 8 8
z zx 7500 0 4 2 9 9
z zy 8500 0 1 3 8 8
z zz 9500 1 3 2 8 8
